CIUDAD|1|Plaza Tigo Torre 3|14.5895|-90.5157|1200.0|inicio|0.0,2.0,1.0,3.0,1.5
CIUDAD|2|Agencia Occidente Z15|14.5912|-90.5201|1205.0|intermedio|0.0,1.5,0.8,2.0,1.2
CIUDAD|3|Calzada Roosevelt km 10|14.5891|-90.5387|1215.0|intermedio|0.0,3.0,1.5,2.5,2.0
CIUDAD|4|Calzada Roosevelt km 15|14.5878|-90.5612|1220.0|intermedio|0.0,2.5,1.2,2.0,1.8
CIUDAD|5|Puente Belice|14.5823|-90.5891|1230.0|intermedio|0.0,2.0,1.0,1.5,1.5
CIUDAD|6|San Lucas Sacatepequez|14.6012|-90.6534|2080.0|intermedio|0.0,1.0,0.5,1.0,0.8
CIUDAD|7|Santiago Sacatepequez|14.6198|-90.6712|2100.0|intermedio|0.0,0.8,0.4,0.8,0.6
CIUDAD|8|Jocotenango|14.5623|-90.7298|1540.0|intermedio|0.0,1.0,0.5,1.0,0.8
CIUDAD|9|UMG Antigua Jocotenango|14.5579|-90.7352|1530.0|destino|0.0,0.0,0.0,0.0,0.0
CIUDAD|10|Periferico Z7|14.6012|-90.5289|1210.0|intermedio|0.0,3.5,1.8,3.0,2.5
CIUDAD|11|Mixco Variedades|14.6312|-90.5712|1380.0|intermedio|0.0,2.5,1.2,2.2,2.0
CIUDAD|12|San Lucas Km 29|14.6089|-90.6534|2080.0|intermedio|0.0,1.0,0.5,1.0,0.8
CIUDAD|13|El Tejar Chimaltenango|14.6423|-90.7812|1790.0|intermedio|0.0,0.8,0.4,0.8,0.6
CIUDAD|14|Avenida Petapa Z12|14.5712|-90.5234|1195.0|intermedio|0.0,2.8,1.4,2.5,2.0
CIUDAD|15|Villa Nueva Centro|14.5234|-90.5891|1220.0|intermedio|0.0,2.0,1.0,1.8,1.5
CIUDAD|16|San Miguel Petapa|14.4989|-90.5712|1230.0|intermedio|0.0,1.5,0.8,1.4,1.2
CIUDAD|17|Palin Escuintla|14.4023|-90.6989|1100.0|intermedio|0.0,1.0,0.5,1.0,0.8
CIUDAD|18|Escuintla Ciudad|14.3054|-90.7854|347.0|intermedio|0.0,1.0,0.5,1.0,0.8
CIUDAD|19|Calzada Aguilar Batres Z12|14.5712|-90.5389|1200.0|intermedio|0.0,3.0,1.5,2.8,2.2
CIUDAD|20|Villa Lobos Z12|14.5534|-90.5512|1210.0|intermedio|0.0,2.5,1.3,2.3,1.8
CIUDAD|21|Barcenas Villa Nueva|14.5123|-90.6012|1250.0|intermedio|0.0,1.5,0.8,1.4,1.2
CIUDAD|22|Ciudad Vieja Sacatepequez|14.5234|-90.7123|1560.0|intermedio|0.0,0.8,0.4,0.8,0.6
CIUDAD|23|Centro Historico Z1|14.6412|-90.5134|1500.0|intermedio|0.0,4.0,2.0,3.5,3.0
CIUDAD|24|Terminal Z4|14.6289|-90.5198|1490.0|intermedio|0.0,3.5,1.8,3.0,2.5
CIUDAD|25|Calzada San Juan Z7|14.6123|-90.5412|1420.0|intermedio|0.0,3.0,1.5,2.8,2.2
CIUDAD|26|Km 30 Interamericana|14.6312|-90.6834|2050.0|intermedio|0.0,1.5,0.8,1.4,1.2
CIUDAD|27|Chimaltenango Ciudad|14.6612|-90.8198|1790.0|intermedio|0.0,1.0,0.5,1.0,0.8
RUTA|1|2|0.8000|1.5000|40|1.0,2.5,1.3,2.2,1.8
RUTA|1|10|2.1000|4.0000|40|1.0,3.0,1.6,2.8,2.2
RUTA|1|14|1.5000|3.0000|40|1.0,2.8,1.5,2.5,2.0
RUTA|1|19|2.3000|4.0000|40|1.0,3.0,1.6,2.8,2.2
RUTA|1|23|4.5000|12.0000|40|1.0,4.0,2.0,3.5,3.0
RUTA|2|3|3.2000|5.0000|80|1.0,2.8,1.5,2.5,2.0
RUTA|3|4|3.8000|4.5000|80|1.0,2.0,1.2,1.8,1.6
RUTA|4|5|4.2000|5.0000|80|1.0,1.8,1.1,1.6,1.5
RUTA|5|6|8.5000|8.0000|100|1.0,1.2,1.0,1.1,1.0
RUTA|6|7|3.1000|4.0000|60|1.0,1.0,1.0,1.0,1.0
RUTA|7|8|12.3000|14.0000|80|1.0,1.0,1.0,1.0,1.0
RUTA|8|9|1.2000|2.0000|40|1.0,1.2,1.1,1.2,1.0
RUTA|8|13|18.5000|20.0000|100|1.0,1.0,1.0,1.0,1.0
RUTA|8|22|4.2000|5.0000|60|1.0,1.0,1.0,1.0,1.0
RUTA|8|27|28.4000|30.0000|100|1.0,1.0,1.0,1.0,1.0
RUTA|9|18|35.2000|40.0000|100|1.0,1.0,1.0,1.0,1.0
RUTA|10|11|5.3000|7.0000|60|1.0,2.5,1.3,2.2,1.8
RUTA|11|12|9.8000|10.0000|100|1.0,1.5,1.1,1.3,1.2
RUTA|12|13|14.2000|15.0000|100|1.0,1.2,1.0,1.1,1.0
RUTA|14|15|7.2000|9.0000|80|1.0,2.0,1.2,1.8,1.5
RUTA|15|16|3.8000|5.0000|80|1.0,1.8,1.1,1.5,1.3
RUTA|16|17|12.5000|13.0000|100|1.0,1.2,1.0,1.1,1.0
RUTA|17|18|18.3000|20.0000|100|1.0,1.0,1.0,1.0,1.0
RUTA|19|20|2.1000|3.5000|60|1.0,2.5,1.3,2.2,1.8
RUTA|20|21|6.8000|8.0000|80|1.0,1.8,1.1,1.6,1.4
RUTA|21|22|16.3000|18.0000|100|1.0,1.2,1.0,1.1,1.0
RUTA|23|24|1.2000|3.0000|30|1.0,3.5,1.8,3.0,2.5
RUTA|24|25|3.8000|6.0000|60|1.0,3.0,1.5,2.8,2.2
RUTA|25|26|18.5000|20.0000|100|1.0,1.5,1.0,1.3,1.1
RUTA|26|27|22.3000|25.0000|100|1.0,1.2,1.0,1.1,1.0
